           DBMS                                        1              2              3              4              5              6              7              8
=================================================================================================================================================================
query1     sqlite3                                  0.75           0.75           0.75            0.0           0.25           0.75            0.5            0.5
query1     mariadb(without index)                   0.74           0.76           0.29           2.53           1.61           2.35          11.78           7.24
query1     mariadb(with index)                      0.72           0.32           1.02           0.85           0.86           0.28           0.74            0.3
query1     mongodb                                   0.0            0.0            0.0           0.75           0.75            1.0          11.25           6.75
-----------------------------------------------------------------------------------------------------------------------------------------------------------------
query2     sqlite3                                   0.5            1.0           1.75            7.5          16.25           44.0          44.75         286.25
query2     mariadb(without index)                   2.15           2.18           1.36          12.17           37.8          52.04          84.07         571.15
query2     mariadb(with index)                      1.63           1.15           3.92          32.66          23.03          77.43         141.16         881.31
query2     mongodb                                   1.0           0.75            2.0           6.25          12.75          42.75           51.0         288.75
-----------------------------------------------------------------------------------------------------------------------------------------------------------------
query3     sqlite3                                   0.0           0.75           0.25           1.75            2.0            3.5           7.25           37.5
query3     mariadb(without index)                   1.39           1.16           0.56           2.45           6.99           10.7           14.9         462.82
query3     mariadb(with index)                      0.98           0.46           0.54           3.11            3.1           8.64          13.49          82.41
query3     mongodb                                  0.75           0.25            1.0            5.0           7.25          24.75           28.5          176.0
-----------------------------------------------------------------------------------------------------------------------------------------------------------------
query4     sqlite3                                   0.5            1.0            1.0           6.25           7.75           18.0           24.5         186.25
query4     mariadb(without index)                  16.92           8.92           9.18         309.75          518.5        2185.95       27481.62      205946.06
query4     mariadb(with index)                      1.75           2.71           1.47           9.79          11.36         102.62          54.13         986.06
query4     mongodb                                  18.5           13.5           14.0          45.75           44.0           47.0         298.75         300.25
-----------------------------------------------------------------------------------------------------------------------------------------------------------------
           DBMS                                        1              2              3              4              5              6              7              8
=================================================================================================================================================================
query1     sqlite3                                   0.5            0.5            0.5            0.0            0.5            0.5           0.58           0.58
query1     mariadb(without index)                    0.0            0.0            0.0            0.0            0.0            0.0            0.0            0.0
query1     mariadb(with index)                       0.0            0.0            0.0            0.0            0.0            0.0            0.0            0.0
query1     mongodb                                   0.0            0.0            0.0            0.5            0.5            0.0            3.2           1.26
-----------------------------------------------------------------------------------------------------------------------------------------------------------------
query2     sqlite3                                  0.58            0.0            0.5           2.52           2.99           4.08           7.93          14.48
query2     mariadb(without index)                    0.0            0.0            0.0            0.0            0.0            0.0            0.0            0.0
query2     mariadb(with index)                       0.0            0.0            0.0            0.0            0.0            0.0            0.0            0.0
query2     mongodb                                   0.0            0.5           0.82           0.96           4.86            6.9           8.41          21.33
-----------------------------------------------------------------------------------------------------------------------------------------------------------------
query3     sqlite3                                   0.0            0.5            0.5           0.96            0.0           0.58           0.96           3.11
query3     mariadb(without index)                    0.0            0.0            0.0            0.0            0.0            0.0            0.0            0.0
query3     mariadb(with index)                       0.0            0.0            0.0            0.0            0.0            0.0            0.0            0.0
query3     mongodb                                   0.5            0.5           1.41           0.82            1.5           9.03           1.73          12.83
-----------------------------------------------------------------------------------------------------------------------------------------------------------------
query4     sqlite3                                  0.58            0.0            0.0           2.75           0.96           1.83           2.65          14.66
query4     mariadb(without index)                    0.0            0.0            0.0            0.0            0.0            0.0            0.0            0.0
query4     mariadb(with index)                       0.0            0.0            0.0            0.0            0.0            0.0            0.0            0.0
query4     mongodb                                  9.85           7.05           3.74           2.22           2.16           3.56           3.77           5.06
-----------------------------------------------------------------------------------------------------------------------------------------------------------------
